/*--------------------------------*- C++ -*----------------------------------*\
| =========                 |                                                 |
| \\      /  F ield         | OpenFOAM: The Open Source CFD Toolbox           |
|  \\    /   O peration     | Version:  2412                                  |
|   \\  /    A nd           | Website:  www.openfoam.com                      |
|    \\/     M anipulation  |                                                 |
\*---------------------------------------------------------------------------*/
FoamFile
{
    version     2.0;
    format      binary;
    arch        "LSB;label=32;scalar=64";
    class       cellSet;
    location    "constant/polyMesh/sets";
    object      concaveCells;
}
// * * * * * * * * * * * * * * * * * * * * * * * * * * * * * * * * * * * * * //


909
(
47108
47115
47116
47118
47128
47129
47131
47138
47139
47144
22573
22574
47153
22578
47154
47159
45115
45122
49221
49228
47183
47186
47190
12378
47194
12383
47199
12384
12386
47202
47215
47220
47221
47222
47224
47226
47228
47229
49279
47234
47235
47237
49286
47238
47240
47244
47246
47248
47251
47252
47254
18583
18584
47257
47262
47263
47266
47268
47270
47271
47274
47276
47277
47280
47282
47286
47288
47290
47293
47294
47296
47309
47312
47314
47315
47316
47318
47320
47322
47323
47326
47328
47329
47336
47337
47339
47346
47348
47350
47358
47359
47361
47381
47382
47384
47390
47393
47395
47396
47401
47404
47406
47407
14644
47412
47413
14650
47418
47419
47421
47426
47427
47432
47433
47435
47448
47457
47460
47462
47463
20843
47468
49517
20845
20846
49519
20847
47471
20848
49521
20849
47473
47474
47481
47482
47487
47494
47495
47500
47525
47526
47530
47531
47537
47538
47548
47549
47550
47551
47559
47560
47561
47562
47566
47567
47568
47569
47573
47574
47579
49628
49629
47582
49631
47583
47587
47588
47593
16892
16894
16895
16897
47621
47622
47623
47624
47637
47638
47639
47640
47644
47645
47646
47647
47649
47654
47655
47660
47664
47666
47668
47677
47679
47681
47731
47733
47735
45691
45696
45697
47745
53890
47747
45700
47749
53894
45702
47751
47754
47757
47762
12948
47765
12950
12951
47767
47768
12953
47770
12955
47771
47777
47778
47780
47783
53932
47788
47789
47790
53936
47793
47795
47796
47797
47800
47802
47803
47804
47807
53952
47809
47810
47811
53956
53958
47814
19143
53960
47816
47817
53962
19146
47818
47821
47823
47824
47825
47828
47830
47835
53982
47838
47839
47842
53987
47844
53989
47846
53991
47849
53994
47851
53996
47852
53998
54010
47869
54014
47873
54021
47883
47887
47889
47894
54045
47904
47906
47908
47910
47912
47914
54059
47916
54066
47932
47936
47941
47943
47945
47952
47954
54101
47958
47960
54105
47962
47964
54109
47965
47967
54112
47969
54115
47971
54116
47972
47974
54122
15210
15212
47995
47997
48002
48010
48011
48013
21414
48039
21417
21418
48044
21423
48047
21424
21426
48051
48053
48059
48060
48062
48066
48067
48069
48075
48076
48078
46034
48083
46036
48086
48087
54234
46044
46045
46046
54241
46049
54243
46052
46056
46061
46072
54265
48122
46077
46080
48128
54273
54279
48136
46090
46093
48142
46097
46100
46108
46111
54304
48160
54306
46114
48162
54308
46118
46120
46121
54314
46123
48172
48174
46128
48176
17457
46129
54322
46130
17459
46131
17460
46132
46133
48181
46134
46135
48183
54328
46136
46137
54332
54334
48194
54339
46148
48196
54341
46150
46152
54346
46154
46155
54348
46156
54353
54355
46164
46165
46166
46177
48228
48230
46184
46185
48235
46188
46189
48237
48244
46198
48246
46200
46202
48251
48253
46206
46210
48267
46220
46223
48273
48281
48287
46241
46245
46247
46250
48298
46261
48311
46265
48313
46266
46268
46269
46272
46274
13515
13517
13518
13520
46288
46290
46297
46298
46299
46300
46301
46302
46303
48365
48366
46325
46327
46329
19707
46331
19709
46334
46335
19712
19713
46337
46338
46339
46341
54534
54536
46344
46345
46346
46347
46348
46349
46350
46351
48399
46352
48400
46353
48401
46354
46355
46356
46358
46359
46360
48408
48409
46362
48410
46363
48411
46364
46366
46369
48417
46370
46371
48419
46372
48421
46375
48423
46376
46379
46388
54581
46389
46392
46394
54587
48443
48444
46400
48450
46403
46404
48452
48454
46407
48457
54602
46410
48458
46411
46412
48460
46413
54608
46418
46419
46424
46426
46427
46428
46430
46431
46432
46439
46440
46443
46444
46445
46447
46448
46449
46456
46457
54650
46461
46462
46465
54658
46467
46468
46469
46471
46472
46475
46476
46477
15768
46489
15771
46491
15773
46493
46494
46498
46499
46502
46504
46506
46509
46513
48561
46515
46517
46519
48567
48568
46521
48570
46523
54716
46525
54718
46527
46531
46535
48584
48586
46539
48588
46541
48590
46544
46546
46548
46550
46554
46556
46560
46562
48610
48611
46565
48613
46567
46569
48617
21994
48618
48619
48620
21997
46573
21998
46574
21999
46575
22000
46576
22002
46578
46580
46581
46582
46584
44539
44540
44541
48639
46592
48641
46595
48643
46596
48644
46598
48646
46599
48648
46601
46602
48650
46603
48651
46605
48653
48655
46608
46609
48657
46613
46614
46615
46616
11801
46618
46620
11806
46622
46624
11809
46627
11812
46628
11814
46632
46633
46634
46635
48683
48684
48685
46639
46640
46643
48699
48700
46653
48701
46654
48702
46655
46657
46658
46661
46662
46665
46666
46671
46672
46673
46676
46679
46683
46686
46687
18017
46690
54884
18020
46692
46693
54886
46698
46699
46700
46704
54897
54898
46706
46707
54900
46708
46710
54904
54905
46713
46715
46717
54911
46719
48767
54912
48768
46721
54914
48770
46728
46730
48779
46732
48781
46734
48785
48788
46742
48790
46743
48792
46746
48794
46757
46758
46762
46763
46766
46778
46779
54973
46782
54980
46806
46807
48855
48857
46810
48859
48861
48862
46815
46816
48864
48866
46819
48868
46822
48870
46823
48871
48873
46826
46836
46837
46839
14084
46852
14085
46853
14086
46855
46859
46861
46864
46868
46869
46874
46875
46880
48934
48936
46890
46891
46892
46893
20274
48947
20276
48948
48950
20279
20280
48954
48955
48957
48961
48962
48964
48968
46921
48969
46922
48971
46924
46925
48975
48976
46930
48978
48982
48983
46937
48985
46938
46940
48988
48990
46945
46946
48995
48997
48999
46951
46956
46971
46972
46976
46977
46983
55176
46984
46986
46991
46992
46997
47002
47016
55211
47019
47024
47025
47030
47033
47042
47043
55239
47047
47048
47049
16330
16332
16333
55246
16335
47058
47059
47071
47076
47077
47082
47084
47089
47090
47095
47097
47102
47103
)


// ************************************************************************* //
